2 14.542352518343494 -11.491730257430671 -30.959028205447087 ../protein_1_nowat.gninatypes
3 44.255288765822776 11.2150450421941 -33.743231329113925 ../protein_1_nowat.gninatypes
1 11.496900760808488 -32.16331381452064 -20.567583347253645 ../protein_1_nowat.gninatypes
42 50.04827640896106 31.88494600190485 -19.407925586980827 ../protein_1_nowat.gninatypes
5 9.03198520299901 -0.3575329749610975 -6.701284538124204 ../protein_1_nowat.gninatypes
43 38.61477529286474 -1.4854489071453933 -24.689778437040424 ../protein_1_nowat.gninatypes
14 23.999650551065397 -12.281587803085968 -30.118302718589277 ../protein_1_nowat.gninatypes
35 43.562018684251846 28.490700894959964 -14.219859475584864 ../protein_1_nowat.gninatypes
45 48.10322142660425 34.200263930964844 -27.039771229229792 ../protein_1_nowat.gninatypes
7 12.501076496350366 -23.31270540145985 2.0065153284671533 ../protein_1_nowat.gninatypes
11 7.430078923866936 -6.585704286671131 -29.080135298057606 ../protein_1_nowat.gninatypes
13 50.90738806961604 5.391519064700411 -33.23437504982065 ../protein_1_nowat.gninatypes
46 33.54441689606932 6.474274470869623 -41.31521061419738 ../protein_1_nowat.gninatypes
37 6.438398364779875 -42.250009182389945 -4.750622515723272 ../protein_1_nowat.gninatypes
25 21.834760354348827 -28.53387482742752 -12.368576277036352 ../protein_1_nowat.gninatypes
18 20.738618757211142 -6.331081753749795 -40.93957123234987 ../protein_1_nowat.gninatypes
16 46.21268583973656 -0.5009904500548849 -7.783297694840834 ../protein_1_nowat.gninatypes
44 57.39493843725335 -2.1241774269928966 -11.289361957379636 ../protein_1_nowat.gninatypes
34 62.608947488151664 19.973124265402845 -16.647912037914697 ../protein_1_nowat.gninatypes
12 53.23302152439924 23.41763703376087 -2.435603862597671 ../protein_1_nowat.gninatypes
23 19.242214864971263 0.3023576883709943 -23.285415242894253 ../protein_1_nowat.gninatypes
40 1.3175818470445417 -22.99907078158558 -11.015131384816506 ../protein_1_nowat.gninatypes
30 6.799288659793817 -28.393542437508827 -3.177228640022596 ../protein_1_nowat.gninatypes
19 41.71644973427812 -7.909252325066432 -13.420823627103632 ../protein_1_nowat.gninatypes
27 35.755002016637256 26.532927905218042 -14.912698680783127 ../protein_1_nowat.gninatypes
24 46.87858296993344 28.13647991737434 -34.382024902455825 ../protein_1_nowat.gninatypes
9 30.71017689475298 0.4095541577170911 -9.56305914390917 ../protein_1_nowat.gninatypes
26 59.3659215040483 26.146982708933717 -7.566680115273774 ../protein_1_nowat.gninatypes
32 53.79193274427382 26.235983958136735 -31.919811186411593 ../protein_1_nowat.gninatypes
20 28.367507087812765 -25.77005689277899 -15.107321948434972 ../protein_1_nowat.gninatypes
47 27.020118813085254 -33.62234999391951 -21.761809801775517 ../protein_1_nowat.gninatypes
17 30.788871148459382 -12.387923844537816 -4.562146533613445 ../protein_1_nowat.gninatypes
22 33.510121221613154 13.368407361002351 -5.180143617854346 ../protein_1_nowat.gninatypes
6 19.61786852821407 -9.256974112856307 -0.49944337793290666 ../protein_1_nowat.gninatypes
10 39.34153659545142 12.935293590627156 -19.092639972432814 ../protein_1_nowat.gninatypes
8 22.5041264874394 -12.57214279418246 -17.448548259144996 ../protein_1_nowat.gninatypes
36 62.80410839619548 16.16750180387012 -8.042217940308298 ../protein_1_nowat.gninatypes
28 30.059521006687422 27.903532799019857 -35.6099740160294 ../protein_1_nowat.gninatypes
39 14.59398962623951 -29.319074904652936 -32.74084256292905 ../protein_1_nowat.gninatypes
4 28.537552115693636 19.864669094804505 -48.57516347080878 ../protein_1_nowat.gninatypes
31 21.117967117988403 -31.590563917707062 -36.00165887110956 ../protein_1_nowat.gninatypes
29 42.76830820048829 4.530920005744651 -49.92585221887117 ../protein_1_nowat.gninatypes
21 10.98662490842491 -9.124374236874235 -49.24876459096458 ../protein_1_nowat.gninatypes
15 26.823169058508118 -18.03724081375177 -50.4316464280082 ../protein_1_nowat.gninatypes
38 43.58373445945947 11.632540033783787 -54.14902060810811 ../protein_1_nowat.gninatypes
41 39.52242456608812 32.23658194259012 -37.31155540720961 ../protein_1_nowat.gninatypes
33 31.18512207680754 -28.16861660587856 -37.44345279982835 ../protein_1_nowat.gninatypes